0 0.8293269230769231 0.2860576923076923 0.10096153846153846 0.31490384615384615
0 0.8401442307692307 0.7463942307692307 0.11298076923076923 0.33653846153846156
0 0.5096153846153846 0.3161057692307692 0.04567307692307692 0.10576923076923077
0 0.42427884615384615 0.1622596153846154 0.03365384615384615 0.11538461538461539
0 0.38221153846153844 0.23798076923076922 0.038461538461538464 0.09134615384615384
0 0.4579326923076923 0.4074519230769231 0.04807692307692308 0.11057692307692307
0 0.40625 0.5516826923076923 0.03365384615384615 0.07692307692307693
0 0.4495192307692308 0.6189903846153846 0.038461538461538464 0.07451923076923077
0 0.3918269230769231 0.8245192307692307 0.038461538461538464 0.07211538461538461
0 0.4326923076923077 0.9290865384615384 0.036057692307692304 0.0889423076923077
0 0.32211538461538464 0.7560096153846154 0.038461538461538464 0.08413461538461539
0 0.3076923076923077 0.31850961538461536 0.028846153846153848 0.07932692307692307
0 0.32211538461538464 0.46153846153846156 0.038461538461538464 0.08653846153846154
0 0.28966346153846156 0.6262019230769231 0.04326923076923077 0.10096153846153846
0 0.26322115384615385 0.8173076923076923 0.04326923076923077 0.10336538461538461
0 0.22956730769230768 0.9230769230769231 0.038461538461538464 0.07451923076923077
0 0.19831730769230768 0.5973557692307693 0.036057692307692304 0.07451923076923077
0 0.18028846153846154 0.47716346153846156 0.038461538461538464 0.0889423076923077
0 0.21153846153846154 0.4026442307692308 0.05048076923076923 0.10576923076923077
0 0.2536057692307692 0.515625 0.03365384615384615 0.09134615384615384
0 0.20552884615384615 0.21153846153846154 0.03365384615384615 0.10096153846153846
0 0.2704326923076923 0.23317307692307693 0.038461538461538464 0.09134615384615384
0 0.17067307692307693 0.24278846153846154 0.036057692307692304 0.10576923076923077
0 0.20072115384615385 0.06009615384615385 0.03365384615384615 0.0985576923076923