0 0.35216346153846156 0.5853365384615384 0.06490384615384616 0.1778846153846154
0 0.1778846153846154 0.5576923076923077 0.0625 0.14423076923076922
0 0.29447115384615385 0.36177884615384615 0.04567307692307692 0.09134615384615384
0 0.2536057692307692 0.4675480769230769 0.06009615384615385 0.11057692307692307
0 0.1310096153846154 0.8016826923076923 0.06490384615384616 0.10817307692307693
0 0.2512019230769231 0.9242788461538461 0.0673076923076923 0.12980769230769232
0 0.09375 0.06610576923076923 0.04326923076923077 0.08173076923076923
0 0.37740384615384615 0.09495192307692307 0.04807692307692308 0.13942307692307693
0 0.15745192307692307 0.39663461538461536 0.06009615384615385 0.11538461538461539
0 0.47836538461538464 0.45552884615384615 0.0625 0.11778846153846154
0 0.45552884615384615 0.7704326923076923 0.052884615384615384 0.0985576923076923
0 0.32091346153846156 0.25240384615384615 0.05048076923076923 0.0985576923076923
0 0.4579326923076923 0.021634615384615384 0.04567307692307692 0.04326923076923077