0 0.8557692307692307 0.5528846153846154 0.040865384615384616 0.11778846153846154
0 0.640625 0.34134615384615385 0.040865384615384616 0.09134615384615384
0 0.5204326923076923 0.4855769230769231 0.03125 0.07932692307692307
0 0.36658653846153844 0.9254807692307693 0.036057692307692304 0.12740384615384615
0 0.7908653846153846 0.8762019230769231 0.055288461538461536 0.10096153846153846
0 0.8665865384615384 0.8918269230769231 0.07211538461538461 0.11778846153846154
0 0.9206730769230769 0.7175480769230769 0.028846153846153848 0.07932692307692307
0 0.7680288461538461 0.7680288461538461 0.03125 0.07932692307692307
0 0.5649038461538461 0.8197115384615384 0.02403846153846154 0.06971153846153846
0 0.5456730769230769 0.9230769230769231 0.028846153846153848 0.08413461538461539
0 0.47836538461538464 0.5504807692307693 0.021634615384615384 0.06971153846153846
0 0.5709134615384616 0.5180288461538461 0.02403846153846154 0.09615384615384616
0 0.5420673076923077 0.4387019230769231 0.02403846153846154 0.07692307692307693
0 0.4963942307692308 0.3473557692307692 0.021634615384615384 0.052884615384615384
0 0.5096153846153846 0.28725961538461536 0.028846153846153848 0.05048076923076923
0 0.4855769230769231 0.1201923076923077 0.019230769230769232 0.07451923076923077
0 0.5180288461538461 0.05048076923076923 0.026442307692307692 0.08173076923076923
0 0.6129807692307693 0.02283653846153846 0.028846153846153848 0.04326923076923077
0 0.6189903846153846 0.26802884615384615 0.021634615384615384 0.06971153846153846
0 0.328125 0.25 0.028846153846153848 0.057692307692307696
0 0.3173076923076923 0.4483173076923077 0.038461538461538464 0.05048076923076923
0 0.34375 0.7079326923076923 0.038461538461538464 0.09134615384615384
0 0.41225961538461536 0.6862980769230769 0.026442307692307692 0.07451923076923077
0 0.390625 0.8016826923076923 0.026442307692307692 0.0673076923076923
0 0.2764423076923077 0.42788461538461536 0.03125 0.04807692307692308
0 0.3858173076923077 0.37740384615384615 0.019230769230769232 0.06009615384615385
0 0.39302884615384615 0.5168269230769231 0.02403846153846154 0.06490384615384616
0 0.15144230769230768 0.22956730769230768 0.05048076923076923 0.06971153846153846
0 0.05889423076923077 0.41346153846153844 0.04567307692307692 0.08173076923076923
0 0.2848557692307692 0.671875 0.04807692307692308 0.0625
0 0.3473557692307692 0.3137019230769231 0.026442307692307692 0.04567307692307692
0 0.34375 0.1502403846153846 0.026442307692307692 0.057692307692307696
0 0.35096153846153844 0.06490384615384616 0.04567307692307692 0.08653846153846154
0 0.49038461538461536 0.21033653846153846 0.021634615384615384 0.05048076923076923
0 0.5204326923076923 0.21033653846153846 0.038461538461538464 0.04567307692307692
0 0.6382211538461539 0.13822115384615385 0.03125 0.09134615384615384
0 0.9002403846153846 0.6334134615384616 0.038461538461538464 0.0673076923076923