0 0.2764423076923077 0.0985576923076923 0.04326923076923077 0.10817307692307693
0 0.5600961538461539 0.1875 0.05048076923076923 0.15384615384615385
0 0.47716346153846156 0.3786057692307692 0.0625 0.11057692307692307
0 0.36177884615384615 0.27403846153846156 0.04567307692307692 0.13221153846153846
0 0.3401442307692308 0.3918269230769231 0.057692307692307696 0.09615384615384616
0 0.36658653846153844 0.6538461538461539 0.057692307692307696 0.13942307692307693
0 0.25 0.6694711538461539 0.052884615384615384 0.11057692307692307
0 0.5456730769230769 0.6225961538461539 0.038461538461538464 0.12740384615384615
0 0.5829326923076923 0.4963942307692308 0.052884615384615384 0.11298076923076923
0 0.6045673076923077 0.6033653846153846 0.055288461538461536 0.09615384615384616
0 0.6322115384615384 0.7740384615384616 0.03365384615384615 0.12259615384615384
0 0.6237980769230769 0.9206730769230769 0.04807692307692308 0.09615384615384616
0 0.3269230769230769 0.8473557692307693 0.055288461538461536 0.1466346153846154
0 0.6586538461538461 0.4699519230769231 0.04326923076923077 0.12259615384615384
0 0.28725961538461536 0.5697115384615384 0.05048076923076923 0.11538461538461539