0 0.37259615384615385 0.25841346153846156 0.0889423076923077 0.13701923076923078
0 0.34375 0.6129807692307693 0.0985576923076923 0.16826923076923078
0 0.19110576923076922 0.5925480769230769 0.07451923076923077 0.15384615384615385
0 0.7139423076923077 0.234375 0.0625 0.14903846153846154
0 0.6286057692307693 0.31490384615384615 0.06971153846153846 0.15625
0 0.796875 0.4735576923076923 0.06971153846153846 0.14423076923076922
0 0.6514423076923077 0.6177884615384616 0.036057692307692304 0.06490384615384616
0 0.5288461538461539 0.7199519230769231 0.03365384615384615 0.06009615384615385
0 0.796875 0.6622596153846154 0.057692307692307696 0.13942307692307693
0 0.4723557692307692 0.109375 0.03365384615384615 0.06009615384615385
0 0.5252403846153846 0.42427884615384615 0.03365384615384615 0.0625
0 0.375 0.4831730769230769 0.052884615384615384 0.10096153846153846
0 0.5276442307692307 0.24158653846153846 0.03125 0.04567307692307692
0 0.5324519230769231 0.2980769230769231 0.028846153846153848 0.04807692307692308
0 0.4423076923076923 0.4362980769230769 0.02403846153846154 0.04807692307692308