0 0.6201923076923077 0.07211538461538461 0.038461538461538464 0.0985576923076923
0 0.6334134615384616 0.20432692307692307 0.03365384615384615 0.10096153846153846
0 0.6682692307692307 0.35336538461538464 0.040865384615384616 0.13942307692307693
0 0.5300480769230769 0.3858173076923077 0.038461538461538464 0.14182692307692307
0 0.6634615384615384 0.5408653846153846 0.04567307692307692 0.09134615384615384
0 0.59375 0.41225961538461536 0.052884615384615384 0.125
0 0.45552884615384615 0.6322115384615384 0.04807692307692308 0.0889423076923077
0 0.5637019230769231 0.5192307692307693 0.04807692307692308 0.0985576923076923
0 0.5552884615384616 0.8461538461538461 0.040865384615384616 0.12740384615384615
0 0.3449519230769231 0.7512019230769231 0.036057692307692304 0.1201923076923077
0 0.27163461538461536 0.90625 0.038461538461538464 0.10336538461538461
0 0.34975961538461536 0.6310096153846154 0.06490384615384616 0.08653846153846154
0 0.3016826923076923 0.44591346153846156 0.04326923076923077 0.12740384615384615
0 0.36538461538461536 0.3545673076923077 0.04567307692307692 0.13701923076923078
0 0.26322115384615385 0.3233173076923077 0.040865384615384616 0.1346153846153846
0 0.3317307692307692 0.14423076923076922 0.04326923076923077 0.13942307692307693