0 0.9423076923076923 0.18509615384615385 0.11057692307692307 0.3701923076923077
0 0.9435096153846154 0.7848557692307693 0.11298076923076923 0.43028846153846156
0 0.5456730769230769 0.7463942307692307 0.06490384615384616 0.125
0 0.43509615384615385 0.33413461538461536 0.05048076923076923 0.11298076923076923
0 0.359375 0.06850961538461539 0.055288461538461536 0.09615384615384616
0 0.25961538461538464 0.14302884615384615 0.05048076923076923 0.10336538461538461
0 0.171875 0.06971153846153846 0.052884615384615384 0.13942307692307693
0 0.171875 0.4675480769230769 0.05048076923076923 0.1346153846153846
0 0.2776442307692308 0.5348557692307693 0.055288461538461536 0.11778846153846154
0 0.2283653846153846 0.7487980769230769 0.0673076923076923 0.12259615384615384
0 0.33653846153846156 0.8653846153846154 0.05048076923076923 0.12740384615384615
0 0.17307692307692307 0.8617788461538461 0.05048076923076923 0.12980769230769232
0 0.09375 0.9026442307692307 0.05048076923076923 0.125
0 0.10817307692307693 0.6442307692307693 0.07451923076923077 0.17548076923076922
0 0.06490384615384616 0.5276442307692307 0.036057692307692304 0.12259615384615384
0 0.08653846153846154 0.3858173076923077 0.05048076923076923 0.0889423076923077
0 0.22716346153846154 0.3112980769230769 0.057692307692307696 0.13942307692307693
0 0.4014423076923077 0.44350961538461536 0.04807692307692308 0.10096153846153846
0 0.46634615384615385 0.6346153846153846 0.052884615384615384 0.12980769230769232