0 0.7956730769230769 0.5396634615384616 0.03365384615384615 0.0985576923076923
0 0.7235576923076923 0.7223557692307693 0.026442307692307692 0.0625
0 0.7427884615384616 0.8125 0.055288461538461536 0.09134615384615384
0 0.8497596153846154 0.6802884615384616 0.03125 0.0673076923076923
0 0.8341346153846154 0.6033653846153846 0.03125 0.0625
0 0.6947115384615384 0.9591346153846154 0.040865384615384616 0.07451923076923077
0 0.5408653846153846 0.8449519230769231 0.02403846153846154 0.07451923076923077
0 0.5588942307692307 0.75 0.02403846153846154 0.06971153846153846
0 0.39302884615384615 0.8449519230769231 0.028846153846153848 0.10817307692307693
0 0.375 0.6682692307692307 0.040865384615384616 0.07692307692307693
0 0.41346153846153844 0.7427884615384616 0.026442307692307692 0.04807692307692308
0 0.49158653846153844 0.5492788461538461 0.019230769230769232 0.052884615384615384
0 0.5264423076923077 0.4963942307692308 0.019230769230769232 0.057692307692307696
0 0.5709134615384616 0.5144230769230769 0.02403846153846154 0.08413461538461539
0 0.5372596153846154 0.4387019230769231 0.021634615384615384 0.0889423076923077
0 0.6189903846153846 0.39783653846153844 0.04326923076923077 0.125
0 0.3473557692307692 0.28846153846153844 0.028846153846153848 0.040865384615384616
0 0.5973557692307693 0.09615384615384616 0.038461538461538464 0.06971153846153846
0 0.6153846153846154 0.21394230769230768 0.04326923076923077 0.08653846153846154
0 0.5985576923076923 0.32211538461538464 0.021634615384615384 0.04807692307692308
0 0.5408653846153846 0.056490384615384616 0.019230769230769232 0.06971153846153846
0 0.5180288461538461 0.13341346153846154 0.028846153846153848 0.06490384615384616
0 0.48677884615384615 0.19471153846153846 0.026442307692307692 0.0673076923076923
0 0.4891826923076923 0.2704326923076923 0.019230769230769232 0.038461538461538464
0 0.5192307692307693 0.2764423076923077 0.03365384615384615 0.04807692307692308
0 0.5 0.3870192307692308 0.019230769230769232 0.040865384615384616
0 0.5108173076923077 0.3389423076923077 0.03125 0.04326923076923077
0 0.43028846153846156 0.6574519230769231 0.02403846153846154 0.06009615384615385
0 0.3088942307692308 0.4483173076923077 0.019230769230769232 0.03365384615384615
0 0.39903846153846156 0.41225961538461536 0.021634615384615384 0.04807692307692308
0 0.36778846153846156 0.35216346153846156 0.026442307692307692 0.040865384615384616
0 0.37259615384615385 0.12980769230769232 0.04326923076923077 0.09375
0 0.19831730769230768 0.27403846153846156 0.055288461538461536 0.08413461538461539
0 0.12860576923076922 0.4254807692307692 0.038461538461538464 0.0625
0 0.3233173076923077 0.6478365384615384 0.04567307692307692 0.04567307692307692
0 0.28125 0.7439903846153846 0.04567307692307692 0.055288461538461536
0 0.3629807692307692 0.20673076923076922 0.019230769230769232 0.04567307692307692
0 0.6911057692307693 0.8822115384615384 0.019230769230769232 0.055288461538461536
0 0.203125 0.7908653846153846 0.040865384615384616 0.040865384615384616
0 0.23798076923076922 0.765625 0.028846153846153848 0.055288461538461536