0 0.7103365384615384 0.23076923076923078 0.057692307692307696 0.14423076923076922
0 0.7908653846153846 0.24759615384615385 0.055288461538461536 0.13221153846153846
0 0.37259615384615385 0.2620192307692308 0.0673076923076923 0.1201923076923077
0 0.20072115384615385 0.5997596153846154 0.0625 0.15384615384615385
0 0.35096153846153844 0.6129807692307693 0.07451923076923077 0.15625
0 0.6454326923076923 0.6165865384615384 0.036057692307692304 0.07451923076923077
0 0.36899038461538464 0.4831730769230769 0.04567307692307692 0.0889423076923077
0 0.43149038461538464 0.4375 0.028846153846153848 0.04807692307692308
0 0.5144230769230769 0.41466346153846156 0.028846153846153848 0.052884615384615384
0 0.5264423076923077 0.4723557692307692 0.019230769230769232 0.055288461538461536
0 0.5192307692307693 0.3425480769230769 0.028846153846153848 0.04567307692307692
0 0.6213942307692307 0.30649038461538464 0.06971153846153846 0.1466346153846154
0 0.7932692307692307 0.6670673076923077 0.052884615384615384 0.1466346153846154
0 0.7692307692307693 0.8293269230769231 0.06009615384615385 0.10576923076923077
0 0.8617788461538461 0.9278846153846154 0.06009615384615385 0.14423076923076922
0 0.7920673076923077 0.46153846153846156 0.057692307692307696 0.14423076923076922
0 0.5348557692307693 0.23076923076923078 0.026442307692307692 0.06009615384615385