0 0.8221153846153846 0.24879807692307693 0.125 0.3629807692307692
0 0.8221153846153846 0.6995192307692307 0.11298076923076923 0.3293269230769231
0 0.5180288461538461 0.6935096153846154 0.04326923076923077 0.11298076923076923
0 0.4519230769230769 0.5973557692307693 0.04326923076923077 0.125
0 0.4050480769230769 0.44591346153846156 0.03365384615384615 0.09134615384615384
0 0.43509615384615385 0.3641826923076923 0.040865384615384616 0.09134615384615384
0 0.38461538461538464 0.17908653846153846 0.040865384615384616 0.0985576923076923
0 0.42788461538461536 0.07091346153846154 0.038461538461538464 0.09615384615384616
0 0.31850961538461536 0.25 0.040865384615384616 0.09615384615384616
0 0.328125 0.43149038461538464 0.038461538461538464 0.10336538461538461
0 0.3233173076923077 0.5288461538461539 0.055288461538461536 0.10096153846153846
0 0.29927884615384615 0.6850961538461539 0.040865384615384616 0.10817307692307693
0 0.37740384615384615 0.7716346153846154 0.036057692307692304 0.0985576923076923
0 0.4266826923076923 0.8425480769230769 0.038461538461538464 0.11778846153846154
0 0.26322115384615385 0.7752403846153846 0.04567307692307692 0.0889423076923077
0 0.20072115384615385 0.796875 0.040865384615384616 0.09375
0 0.20072115384615385 0.9314903846153846 0.038461538461538464 0.0889423076923077
0 0.16346153846153846 0.7608173076923077 0.036057692307692304 0.09615384615384616
0 0.20793269230769232 0.6033653846153846 0.055288461538461536 0.125
0 0.17548076923076922 0.5168269230769231 0.026442307692307692 0.07932692307692307
0 0.25 0.47836538461538464 0.036057692307692304 0.0985576923076923
0 0.15985576923076922 0.3942307692307692 0.03365384615384615 0.10336538461538461
0 0.25841346153846156 0.2091346153846154 0.036057692307692304 0.10817307692307693
0 0.2283653846153846 0.08173076923076923 0.036057692307692304 0.09375
0 0.28966346153846156 0.3641826923076923 0.038461538461538464 0.0985576923076923
0 0.19951923076923078 0.17668269230769232 0.036057692307692304 0.09375