0 0.7644230769230769 0.5360576923076923 0.03365384615384615 0.10576923076923077
0 0.8137019230769231 0.6646634615384616 0.021634615384615384 0.0625
0 0.7740384615384616 0.8004807692307693 0.05048076923076923 0.07932692307692307
0 0.7175480769230769 0.7824519230769231 0.055288461538461536 0.09134615384615384
0 0.6694711538461539 0.9170673076923077 0.04326923076923077 0.10336538461538461
0 0.40384615384615385 0.8125 0.03125 0.07692307692307693
0 0.3858173076923077 0.65625 0.026442307692307692 0.06971153846153846
0 0.5360576923076923 0.8100961538461539 0.016826923076923076 0.0625
0 0.5492788461538461 0.7259615384615384 0.021634615384615384 0.06490384615384616
0 0.4807692307692308 0.5324519230769231 0.021634615384615384 0.055288461538461536
0 0.5516826923076923 0.5144230769230769 0.021634615384615384 0.08173076923076923
0 0.515625 0.48677884615384615 0.02403846153846154 0.057692307692307696
0 0.49278846153846156 0.21754807692307693 0.021634615384615384 0.0625
0 0.515625 0.16346153846153846 0.021634615384615384 0.06009615384615385
0 0.5108173076923077 0.10336538461538461 0.021634615384615384 0.04807692307692308
0 0.5396634615384616 0.10216346153846154 0.02403846153846154 0.0625
0 0.6959134615384616 0.7055288461538461 0.03365384615384615 0.0625
0 0.09495192307692307 0.7067307692307693 0.028846153846153848 0.04807692307692308
0 0.1310096153846154 0.6454326923076923 0.02403846153846154 0.08413461538461539
0 0.49399038461538464 0.38221153846153844 0.016826923076923076 0.03365384615384615
0 0.36538461538461536 0.3088942307692308 0.026442307692307692 0.040865384615384616
0 0.4206730769230769 0.7235576923076923 0.019230769230769232 0.04567307692307692
0 0.42427884615384615 0.9278846153846154 0.016826923076923076 0.04807692307692308
0 0.71875 0.8774038461538461 0.019230769230769232 0.05048076923076923
0 0.4326923076923077 0.6370192307692307 0.019230769230769232 0.052884615384615384
0 0.34134615384615385 0.6274038461538461 0.04326923076923077 0.04807692307692308
0 0.30288461538461536 0.7223557692307693 0.03125 0.040865384615384616
0 0.3293269230769231 0.14783653846153846 0.03365384615384615 0.04807692307692308
0 0.3858173076923077 0.16105769230769232 0.038461538461538464 0.09375
0 0.23798076923076922 0.3004807692307692 0.036057692307692304 0.06971153846153846
0 0.171875 0.43509615384615385 0.03365384615384615 0.06009615384615385
0 0.1310096153846154 0.5048076923076923 0.03365384615384615 0.06009615384615385
0 0.6009615384615384 0.38341346153846156 0.03125 0.0673076923076923
0 0.6033653846153846 0.22956730769230768 0.02403846153846154 0.06490384615384616
0 0.5853365384615384 0.140625 0.028846153846153848 0.04807692307692308
0 0.36538461538461536 0.4579326923076923 0.026442307692307692 0.04807692307692308
0 0.2956730769230769 0.6862980769230769 0.036057692307692304 0.03365384615384615
0 0.38461538461538464 0.36177884615384615 0.02403846153846154 0.04326923076923077
0 0.41225961538461536 0.41586538461538464 0.019230769230769232 0.05048076923076923