0 0.8918269230769231 0.21394230769230768 0.11538461538461539 0.41346153846153844
0 0.8858173076923077 0.7403846153846154 0.11538461538461539 0.3629807692307692
0 0.5324519230769231 0.7199519230769231 0.055288461538461536 0.1201923076923077
0 0.4483173076923077 0.6033653846153846 0.057692307692307696 0.13701923076923078
0 0.41586538461538464 0.8846153846153846 0.04567307692307692 0.13221153846153846
0 0.4014423076923077 0.4423076923076923 0.036057692307692304 0.0889423076923077
0 0.36538461538461536 0.8028846153846154 0.040865384615384616 0.11057692307692307
0 0.2764423076923077 0.6947115384615384 0.04807692307692308 0.09134615384615384
0 0.22596153846153846 0.7980769230769231 0.052884615384615384 0.11538461538461539
0 0.15865384615384615 0.8305288461538461 0.05048076923076923 0.10817307692307693
0 0.16105769230769232 0.6177884615384616 0.04326923076923077 0.11057692307692307
0 0.2127403846153846 0.4855769230769231 0.038461538461538464 0.10576923076923077
0 0.12740384615384615 0.5276442307692307 0.03125 0.08413461538461539
0 0.10697115384615384 0.3737980769230769 0.026442307692307692 0.10817307692307693
0 0.22596153846153846 0.14182692307692307 0.038461538461538464 0.11538461538461539
0 0.30408653846153844 0.20552884615384615 0.05048076923076923 0.10336538461538461
0 0.25841346153846156 0.35096153846153844 0.057692307692307696 0.11538461538461539
0 0.3858173076923077 0.12259615384615384 0.04807692307692308 0.09134615384615384
0 0.44471153846153844 0.3605769230769231 0.036057692307692304 0.08653846153846154
0 0.11538461538461539 0.7896634615384616 0.038461538461538464 0.11298076923076923
0 0.14423076923076922 0.2800480769230769 0.03365384615384615 0.08173076923076923