0 0.29086538461538464 0.12139423076923077 0.13221153846153846 0.21634615384615385
0 0.6862980769230769 0.20793269230769232 0.10096153846153846 0.23317307692307693
0 0.8293269230769231 0.1045673076923077 0.09134615384615384 0.2091346153846154
0 0.9483173076923077 0.4375 0.09375 0.23076923076923078
0 0.7295673076923077 0.6935096153846154 0.057692307692307696 0.11538461538461539
0 0.265625 0.6850961538461539 0.13942307692307693 0.24759615384615385
0 0.2980769230769231 0.4987980769230769 0.0889423076923077 0.16826923076923078
0 0.12259615384615384 0.4326923076923077 0.07932692307692307 0.14423076923076922
0 0.40024038461538464 0.4110576923076923 0.038461538461538464 0.06971153846153846
0 0.5276442307692307 0.3894230769230769 0.04326923076923077 0.07932692307692307
0 0.5240384615384616 0.26802884615384615 0.04807692307692308 0.08413461538461539
0 0.5384615384615384 0.09735576923076923 0.05048076923076923 0.08653846153846154
0 0.5432692307692307 0.1971153846153846 0.04326923076923077 0.07932692307692307
0 0.5528846153846154 0.47475961538461536 0.040865384615384616 0.07211538461538461
0 0.5480769230769231 0.8401442307692307 0.040865384615384616 0.08653846153846154