0 0.8389423076923077 0.2668269230769231 0.0985576923076923 0.32211538461538464
0 0.8293269230769231 0.7079326923076923 0.10336538461538461 0.31971153846153844
0 0.5048076923076923 0.6983173076923077 0.04326923076923077 0.10336538461538461
0 0.4495192307692308 0.6057692307692307 0.038461538461538464 0.11057692307692307
0 0.4110576923076923 0.46875 0.038461538461538464 0.07932692307692307
0 0.4483173076923077 0.39302884615384615 0.038461538461538464 0.07692307692307693
0 0.390625 0.18389423076923078 0.05048076923076923 0.09134615384615384
0 0.4362980769230769 0.08413461538461539 0.038461538461538464 0.09615384615384616
0 0.22596153846153846 0.07451923076923077 0.038461538461538464 0.08413461538461539
0 0.24879807692307693 0.19110576923076922 0.03365384615384615 0.09615384615384616
0 0.31490384615384615 0.25240384615384615 0.036057692307692304 0.08653846153846154
0 0.328125 0.44350961538461536 0.040865384615384616 0.10817307692307693
0 0.3125 0.6754807692307693 0.036057692307692304 0.09615384615384616
0 0.21995192307692307 0.7824519230769231 0.03365384615384615 0.10096153846153846
0 0.2776442307692308 0.7608173076923077 0.036057692307692304 0.09134615384615384
0 0.37740384615384615 0.7632211538461539 0.03365384615384615 0.09134615384615384
0 0.21033653846153846 0.9326923076923077 0.036057692307692304 0.09375
0 0.04567307692307692 0.671875 0.03365384615384615 0.10336538461538461
0 0.15504807692307693 0.390625 0.03125 0.10096153846153846
0 0.18389423076923078 0.5300480769230769 0.03365384615384615 0.08413461538461539
0 0.21875 0.6057692307692307 0.052884615384615384 0.10096153846153846
0 0.24759615384615385 0.49759615384615385 0.038461538461538464 0.09134615384615384
0 0.19591346153846154 0.421875 0.040865384615384616 0.10096153846153846
0 0.1814903846153846 0.3161057692307692 0.028846153846153848 0.08173076923076923
0 0.18990384615384615 0.17668269230769232 0.040865384615384616 0.0889423076923077
0 0.3233173076923077 0.5432692307692307 0.036057692307692304 0.07932692307692307
0 0.4230769230769231 0.8473557692307693 0.03365384615384615 0.11538461538461539