0 0.7079326923076923 0.2283653846153846 0.057692307692307696 0.13942307692307693
0 0.7908653846153846 0.24879807692307693 0.052884615384615384 0.13942307692307693
0 0.6189903846153846 0.3125 0.0673076923076923 0.12259615384615384
0 0.640625 0.6129807692307693 0.036057692307692304 0.0673076923076923
0 0.7884615384615384 0.45913461538461536 0.057692307692307696 0.13942307692307693
0 0.7860576923076923 0.671875 0.06490384615384616 0.14903846153846154
0 0.7716346153846154 0.8377403846153846 0.0625 0.09615384615384616
0 0.3449519230769231 0.6021634615384616 0.08653846153846154 0.15865384615384615
0 0.19831730769230768 0.6033653846153846 0.07692307692307693 0.16105769230769232
0 0.36177884615384615 0.26802884615384615 0.08413461538461539 0.13942307692307693
0 0.20192307692307693 0.4338942307692308 0.0673076923076923 0.125
0 0.2668269230769231 0.46033653846153844 0.04567307692307692 0.0985576923076923
0 0.42788461538461536 0.4423076923076923 0.028846153846153848 0.04807692307692308
0 0.5240384615384616 0.4639423076923077 0.026442307692307692 0.055288461538461536
0 0.5096153846153846 0.4170673076923077 0.028846153846153848 0.04567307692307692
0 0.515625 0.3449519230769231 0.026442307692307692 0.04326923076923077
0 0.5300480769230769 0.24519230769230768 0.02403846153846154 0.04326923076923077
0 0.8569711538461539 0.9302884615384616 0.06009615384615385 0.13942307692307693