0 0.41586538461538464 0.2091346153846154 0.04807692307692308 0.10817307692307693
0 0.48197115384615385 0.1201923076923077 0.038461538461538464 0.10336538461538461
0 0.21153846153846154 0.18629807692307693 0.036057692307692304 0.0625
0 0.24879807692307693 0.515625 0.052884615384615384 0.10336538461538461
0 0.23076923076923078 0.6935096153846154 0.05048076923076923 0.07932692307692307
0 0.3233173076923077 0.7980769230769231 0.05048076923076923 0.12740384615384615
0 0.3004807692307692 0.9399038461538461 0.038461538461538464 0.08653846153846154
0 0.3798076923076923 0.5480769230769231 0.06490384615384616 0.13942307692307693
0 0.30288461538461536 0.45913461538461536 0.04567307692307692 0.07692307692307693
0 0.23557692307692307 0.4182692307692308 0.040865384615384616 0.09375
0 0.33774038461538464 0.3942307692307692 0.03125 0.08173076923076923
0 0.3629807692307692 0.32091346153846156 0.03365384615384615 0.07692307692307693
0 0.4675480769230769 0.4326923076923077 0.05048076923076923 0.0889423076923077
0 0.4807692307692308 0.5072115384615384 0.06971153846153846 0.08653846153846154
0 0.4891826923076923 0.7043269230769231 0.06490384615384616 0.11057692307692307