0 0.5480769230769231 0.14783653846153846 0.052884615384615384 0.12259615384615384
0 0.2776442307692308 0.10336538461538461 0.038461538461538464 0.10096153846153846
0 0.35216346153846156 0.25961538461538464 0.040865384615384616 0.11538461538461539
0 0.45552884615384615 0.3545673076923077 0.052884615384615384 0.125
0 0.33533653846153844 0.375 0.055288461538461536 0.10096153846153846
0 0.29447115384615385 0.5420673076923077 0.036057692307692304 0.15384615384615385
0 0.28125 0.6875 0.057692307692307696 0.125
0 0.3798076923076923 0.6634615384615384 0.040865384615384616 0.17067307692307693
0 0.5408653846153846 0.6466346153846154 0.040865384615384616 0.1466346153846154
0 0.5576923076923077 0.4963942307692308 0.038461538461538464 0.13221153846153846
0 0.6430288461538461 0.7956730769230769 0.03125 0.10576923076923077
0 0.3449519230769231 0.8569711538461539 0.04326923076923077 0.13942307692307693
0 0.6274038461538461 0.9182692307692307 0.036057692307692304 0.11538461538461539
0 0.6646634615384616 0.6526442307692307 0.05048076923076923 0.12740384615384615
0 0.5901442307692307 0.6225961538461539 0.04326923076923077 0.125