0 0.3557692307692308 0.38341346153846156 0.09134615384615384 0.15384615384615385
0 0.1971153846153846 0.39302884615384615 0.06971153846153846 0.15384615384615385
0 0.25841346153846156 0.5576923076923077 0.06009615384615385 0.10576923076923077
0 0.3762019230769231 0.5108173076923077 0.057692307692307696 0.0985576923076923
0 0.4375 0.5528846153846154 0.028846153846153848 0.06009615384615385
0 0.6129807692307693 0.6875 0.06009615384615385 0.13701923076923078
0 0.6995192307692307 0.765625 0.06490384615384616 0.13942307692307693
0 0.78125 0.75 0.06009615384615385 0.13221153846153846
0 0.7860576923076923 0.5408653846153846 0.0625 0.15384615384615385
0 0.6466346153846154 0.3858173076923077 0.03365384615384615 0.06971153846153846
0 0.7692307692307693 0.15504807692307693 0.06009615384615385 0.09615384615384616
0 0.8605769230769231 0.0673076923076923 0.052884615384615384 0.1346153846153846
0 0.7860576923076923 0.3245192307692308 0.06490384615384616 0.1346153846153846
0 0.3629807692307692 0.7307692307692307 0.08173076923076923 0.13221153846153846