0 0.8954326923076923 0.4483173076923077 0.04567307692307692 0.13221153846153846
0 0.9663461538461539 0.265625 0.036057692307692304 0.06971153846153846
0 0.9411057692307693 0.3605769230769231 0.038461538461538464 0.0673076923076923
0 0.7944711538461539 0.22355769230769232 0.036057692307692304 0.07932692307692307
0 0.8161057692307693 0.08413461538461539 0.07451923076923077 0.1466346153846154
0 0.9050480769230769 0.08774038461538461 0.07451923076923077 0.15384615384615385
0 0.4831730769230769 0.44711538461538464 0.03125 0.08653846153846154
0 0.5252403846153846 0.5108173076923077 0.021634615384615384 0.07932692307692307
0 0.5480769230769231 0.6009615384615384 0.028846153846153848 0.11538461538461539
0 0.484375 0.9146634615384616 0.026442307692307692 0.08413461538461539
0 0.6274038461538461 0.7439903846153846 0.03125 0.07451923076923077
0 0.65625 0.6706730769230769 0.040865384615384616 0.10576923076923077
0 0.6454326923076923 0.8762019230769231 0.052884615384615384 0.12980769230769232
0 0.5180288461538461 0.8149038461538461 0.04326923076923077 0.052884615384615384
0 0.49038461538461536 0.6634615384615384 0.026442307692307692 0.057692307692307696
0 0.578125 0.49158653846153844 0.036057692307692304 0.11298076923076923
0 0.3329326923076923 0.2704326923076923 0.04807692307692308 0.11057692307692307
0 0.3798076923076923 0.16706730769230768 0.03125 0.07692307692307693
0 0.3557692307692308 0.054086538461538464 0.04567307692307692 0.10096153846153846
0 0.40625 0.29927884615384615 0.028846153846153848 0.07211538461538461
0 0.36778846153846156 0.6394230769230769 0.021634615384615384 0.06971153846153846
0 0.25 0.5805288461538461 0.03365384615384615 0.06009615384615385
0 0.328125 0.7103365384615384 0.036057692307692304 0.07211538461538461
0 0.30408653846153844 0.7908653846153846 0.036057692307692304 0.06009615384615385
0 0.3233173076923077 0.9074519230769231 0.026442307692307692 0.06009615384615385
0 0.3449519230769231 0.9711538461538461 0.040865384615384616 0.057692307692307696
0 0.10697115384615384 0.8161057692307693 0.055288461538461536 0.09134615384615384
0 0.05889423076923077 0.7223557692307693 0.04326923076923077 0.08653846153846154
0 0.20192307692307693 0.1658653846153846 0.04326923076923077 0.06009615384615385
0 0.19110576923076922 0.22235576923076922 0.04326923076923077 0.052884615384615384
0 0.25961538461538464 0.30288461538461536 0.06009615384615385 0.06971153846153846
0 0.2920673076923077 0.24639423076923078 0.03125 0.052884615384615384
0 0.32211538461538464 0.16826923076923078 0.021634615384615384 0.04567307692307692
0 0.5252403846153846 0.9759615384615384 0.03125 0.04807692307692308
0 0.38221153846153844 0.4831730769230769 0.021634615384615384 0.06490384615384616
0 0.1502403846153846 0.13701923076923078 0.04807692307692308 0.07692307692307693
0 0.0889423076923077 0.15625 0.04326923076923077 0.052884615384615384