0 0.46875 0.10576923076923077 0.04567307692307692 0.10096153846153846
0 0.4879807692307692 0.46875 0.052884615384615384 0.1201923076923077
0 0.3942307692307692 0.5697115384615384 0.052884615384615384 0.13221153846153846
0 0.3269230769230769 0.8149038461538461 0.04567307692307692 0.12740384615384615
0 0.23197115384615385 0.7079326923076923 0.04807692307692308 0.07692307692307693
0 0.30408653846153844 0.9399038461538461 0.03365384615384615 0.07211538461538461
0 0.3173076923076923 0.48197115384615385 0.052884615384615384 0.08173076923076923
0 0.25721153846153844 0.5360576923076923 0.052884615384615384 0.0889423076923077
0 0.3954326923076923 0.19230769230769232 0.04567307692307692 0.09134615384615384
0 0.35336538461538464 0.31850961538461536 0.038461538461538464 0.07451923076923077
0 0.2439903846153846 0.42908653846153844 0.052884615384615384 0.09134615384615384
0 0.359375 0.026442307692307692 0.038461538461538464 0.05048076923076923
0 0.5048076923076923 0.7235576923076923 0.0673076923076923 0.0985576923076923
0 0.3449519230769231 0.4110576923076923 0.036057692307692304 0.08173076923076923