0 0.8713942307692307 0.22716346153846154 0.12740384615384615 0.3870192307692308
0 0.8629807692307693 0.7403846153846154 0.14182692307692307 0.3557692307692308
0 0.5252403846153846 0.7307692307692307 0.06009615384615385 0.10576923076923077
0 0.4483173076923077 0.6237980769230769 0.055288461538461536 0.13942307692307693
0 0.4483173076923077 0.3701923076923077 0.04807692307692308 0.10336538461538461
0 0.3858173076923077 0.13822115384615385 0.055288461538461536 0.10336538461538461
0 0.4026442307692308 0.4495192307692308 0.036057692307692304 0.09375
0 0.41466346153846156 0.8894230769230769 0.04567307692307692 0.12259615384615384
0 0.36177884615384615 0.8076923076923077 0.04326923076923077 0.10817307692307693
0 0.2764423076923077 0.6971153846153846 0.04807692307692308 0.12259615384615384
0 0.2860576923076923 0.5372596153846154 0.055288461538461536 0.10096153846153846
0 0.29927884615384615 0.41586538461538464 0.04807692307692308 0.1201923076923077
0 0.3088942307692308 0.21153846153846154 0.04326923076923077 0.09375
0 0.23076923076923078 0.14903846153846154 0.05048076923076923 0.12259615384615384
0 0.16346153846153846 0.6105769230769231 0.05048076923076923 0.12259615384615384
0 0.1201923076923077 0.7884615384615384 0.040865384615384616 0.11298076923076923
0 0.16706730769230768 0.8293269230769231 0.040865384615384616 0.10576923076923077
0 0.22956730769230768 0.8016826923076923 0.04807692307692308 0.11057692307692307
0 0.12860576923076922 0.5180288461538461 0.03125 0.09615384615384616
0 0.11298076923076923 0.36899038461538464 0.036057692307692304 0.10817307692307693
0 0.2644230769230769 0.3425480769230769 0.04807692307692308 0.10817307692307693
0 0.15384615384615385 0.2824519230769231 0.036057692307692304 0.08413461538461539
0 0.1658653846153846 0.12980769230769232 0.038461538461538464 0.09615384615384616