0 0.5492788461538461 0.15504807692307693 0.04807692307692308 0.1346153846153846
0 0.3401442307692308 0.24759615384615385 0.04326923076923077 0.12740384615384615
0 0.4579326923076923 0.3641826923076923 0.052884615384615384 0.11538461538461539
0 0.328125 0.38822115384615385 0.057692307692307696 0.11298076923076923
0 0.6574519230769231 0.4579326923076923 0.057692307692307696 0.11298076923076923
0 0.5721153846153846 0.49038461538461536 0.04567307692307692 0.125
0 0.5264423076923077 0.6189903846153846 0.036057692307692304 0.1466346153846154
0 0.6550480769230769 0.6502403846153846 0.03365384615384615 0.12740384615384615
0 0.6237980769230769 0.7956730769230769 0.040865384615384616 0.09134615384615384
0 0.6189903846153846 0.9290865384615384 0.04326923076923077 0.10336538461538461
0 0.359375 0.65625 0.040865384615384616 0.1346153846153846
0 0.28966346153846156 0.5697115384615384 0.040865384615384616 0.10336538461538461
0 0.25961538461538464 0.6754807692307693 0.036057692307692304 0.11538461538461539
0 0.3269230769230769 0.8473557692307693 0.040865384615384616 0.13221153846153846
0 0.265625 0.0889423076923077 0.038461538461538464 0.09134615384615384
0 0.5865384615384616 0.6177884615384616 0.052884615384615384 0.11538461538461539