0 0.8725961538461539 0.546875 0.04567307692307692 0.12259615384615384
0 0.7740384615384616 0.7644230769230769 0.026442307692307692 0.08173076923076923
0 0.9399038461538461 0.7235576923076923 0.03125 0.08413461538461539
0 0.8004807692307693 0.8942307692307693 0.06971153846153846 0.12740384615384615
0 0.8798076923076923 0.9122596153846154 0.0673076923076923 0.13221153846153846
0 0.4795673076923077 0.546875 0.03365384615384615 0.08653846153846154
0 0.31490384615384615 0.23798076923076922 0.040865384615384616 0.0625
0 0.33533653846153844 0.7103365384615384 0.05048076923076923 0.0985576923076923
0 0.38461538461538464 0.8064903846153846 0.028846153846153848 0.06490384615384616
0 0.3605769230769231 0.9338942307692307 0.036057692307692304 0.13221153846153846
0 0.5276442307692307 0.4855769230769231 0.03125 0.08653846153846154
0 0.5264423076923077 0.040865384615384616 0.038461538461538464 0.08173076923076923
0 0.4879807692307692 0.109375 0.03125 0.08653846153846154
0 0.4879807692307692 0.21033653846153846 0.026442307692307692 0.0625
0 0.4987980769230769 0.3473557692307692 0.026442307692307692 0.055288461538461536
0 0.3016826923076923 0.4423076923076923 0.04326923076923077 0.05048076923076923
0 0.33653846153846156 0.3088942307692308 0.02403846153846154 0.052884615384615384
0 0.12740384615384615 0.22235576923076922 0.07211538461538461 0.0985576923076923
0 0.036057692307692304 0.4098557692307692 0.04567307692307692 0.09134615384615384
0 0.3762019230769231 0.37259615384615385 0.026442307692307692 0.07932692307692307
0 0.3317307692307692 0.13822115384615385 0.026442307692307692 0.055288461538461536
0 0.5240384615384616 0.21514423076923078 0.04326923076923077 0.0625
0 0.84375 0.31850961538461536 0.06009615384615385 0.06009615384615385
0 0.5625 0.8209134615384616 0.026442307692307692 0.08653846153846154
0 0.5456730769230769 0.9314903846153846 0.03365384615384615 0.09615384615384616
0 0.27403846153846156 0.6778846153846154 0.05048076923076923 0.05048076923076923
0 0.21754807692307693 0.7524038461538461 0.04567307692307692 0.052884615384615384
0 0.22596153846153846 0.8100961538461539 0.04326923076923077 0.04807692307692308
0 0.17307692307692307 0.8377403846153846 0.040865384615384616 0.038461538461538464
0 0.11057692307692307 0.8173076923076923 0.05048076923076923 0.052884615384615384
0 0.17908653846153846 0.9543269230769231 0.06009615384615385 0.04807692307692308
0 0.34615384615384615 0.04927884615384615 0.04807692307692308 0.08653846153846154
0 0.5745192307692307 0.5084134615384616 0.02403846153846154 0.11538461538461539
0 0.6466346153846154 0.3449519230769231 0.04326923076923077 0.09375
0 0.6189903846153846 0.2764423076923077 0.019230769230769232 0.06971153846153846
0 0.640625 0.1310096153846154 0.040865384615384616 0.09615384615384616
0 0.4050480769230769 0.6887019230769231 0.03125 0.07451923076923077
0 0.9122596153846154 0.6358173076923077 0.038461538461538464 0.06971153846153846
0 0.38341346153846156 0.5108173076923077 0.026442307692307692 0.06009615384615385
0 0.08052884615384616 0.3004807692307692 0.038461538461538464 0.06490384615384616
0 0.3329326923076923 0.8112980769230769 0.021634615384615384 0.04807692307692308
0 0.042067307692307696 0.49158653846153844 0.0625 0.08413461538461539
0 0.25961538461538464 0.4182692307692308 0.03125 0.052884615384615384
0 0.3161057692307692 0.9266826923076923 0.04326923076923077 0.0625
0 0.5036057692307693 0.28846153846153844 0.03365384615384615 0.04567307692307692