0 0.8293269230769231 0.5384615384615384 0.036057692307692304 0.11057692307692307
0 0.7728365384615384 0.8425480769230769 0.06009615384615385 0.09134615384615384
0 0.890625 0.6995192307692307 0.026442307692307692 0.0673076923076923
0 0.7463942307692307 0.7319711538461539 0.021634615384615384 0.06009615384615385
0 0.7151442307692307 0.9326923076923077 0.019230769230769232 0.06971153846153846
0 0.3737980769230769 0.8966346153846154 0.038461538461538464 0.125
0 0.39783653846153844 0.7776442307692307 0.02403846153846154 0.06490384615384616
0 0.48197115384615385 0.5492788461538461 0.021634615384615384 0.06971153846153846
0 0.5204326923076923 0.4855769230769231 0.028846153846153848 0.06490384615384616
0 0.6274038461538461 0.35096153846153844 0.040865384615384616 0.0985576923076923
0 0.8701923076923077 0.6129807692307693 0.03365384615384615 0.06009615384615385
0 0.8413461538461539 0.8629807692307693 0.0625 0.12259615384615384
0 0.35216346153846156 0.6862980769230769 0.038461538461538464 0.09615384615384616
0 0.03125 0.6862980769230769 0.04807692307692308 0.11778846153846154
0 0.10336538461538461 0.4855769230769231 0.04567307692307692 0.06971153846153846
0 0.04927884615384615 0.5721153846153846 0.04807692307692308 0.04326923076923077
0 0.028846153846153848 0.5096153846153846 0.038461538461538464 0.07211538461538461
0 0.08413461538461539 0.4206730769230769 0.03365384615384615 0.06971153846153846
0 0.328125 0.25240384615384615 0.03125 0.05048076923076923
0 0.34975961538461536 0.32211538461538464 0.02403846153846154 0.052884615384615384
0 0.38822115384615385 0.39302884615384615 0.028846153846153848 0.052884615384615384
0 0.328125 0.4579326923076923 0.03365384615384615 0.04326923076923077
0 0.41225961538461536 0.6754807692307693 0.021634615384615384 0.06971153846153846
0 0.5661057692307693 0.5084134615384616 0.028846153846153848 0.09134615384615384
0 0.49278846153846156 0.359375 0.019230769230769232 0.04567307692307692
0 0.5012019230769231 0.30408653846153844 0.036057692307692304 0.040865384615384616
0 0.48677884615384615 0.23076923076923078 0.019230769230769232 0.04567307692307692
0 0.5180288461538461 0.23557692307692307 0.038461538461538464 0.038461538461538464
0 0.48677884615384615 0.14543269230769232 0.026442307692307692 0.07211538461538461
0 0.5204326923076923 0.08052884615384616 0.02403846153846154 0.06971153846153846
0 0.6105769230769231 0.042067307692307696 0.038461538461538464 0.06490384615384616
0 0.5576923076923077 0.7920673076923077 0.021634615384615384 0.08173076923076923
0 0.5384615384615384 0.8954326923076923 0.03125 0.08173076923076923
0 0.3581730769230769 0.07451923076923077 0.04807692307692308 0.11298076923076923
0 0.28725961538461536 0.43509615384615385 0.026442307692307692 0.052884615384615384
0 0.39783653846153844 0.5180288461538461 0.021634615384615384 0.06009615384615385
0 0.625 0.1658653846153846 0.026442307692307692 0.07451923076923077
0 0.29927884615384615 0.6646634615384616 0.04567307692307692 0.055288461538461536
0 0.24879807692307693 0.7752403846153846 0.038461538461538464 0.055288461538461536
0 0.203125 0.8040865384615384 0.03125 0.05048076923076923
0 0.20793269230769232 0.9074519230769231 0.04807692307692308 0.052884615384615384