0 0.8545673076923077 0.265625 0.14182692307692307 0.3942307692307692
0 0.8822115384615384 0.7860576923076923 0.13221153846153846 0.3870192307692308
0 0.5336538461538461 0.2644230769230769 0.055288461538461536 0.11298076923076923
0 0.2620192307692308 0.27884615384615385 0.05048076923076923 0.08653846153846154
0 0.28365384615384615 0.44471153846153844 0.052884615384615384 0.09375
0 0.19591346153846154 0.5048076923076923 0.04567307692307692 0.11298076923076923
0 0.12620192307692307 0.47115384615384615 0.036057692307692304 0.10576923076923077
0 0.2283653846153846 0.8605769230769231 0.04567307692307692 0.10576923076923077
0 0.28966346153846156 0.7860576923076923 0.040865384615384616 0.09134615384615384
0 0.3701923076923077 0.8605769230769231 0.04807692307692308 0.08413461538461539
0 0.19110576923076922 0.9663461538461539 0.05048076923076923 0.0673076923076923
0 0.10697115384615384 0.6237980769230769 0.028846153846153848 0.10576923076923077
0 0.15865384615384615 0.3713942307692308 0.04326923076923077 0.11298076923076923
0 0.15625 0.1658653846153846 0.04326923076923077 0.10096153846153846
0 0.3641826923076923 0.17548076923076922 0.04326923076923077 0.10576923076923077
0 0.24519230769230768 0.6394230769230769 0.05048076923076923 0.11298076923076923
0 0.43028846153846156 0.6189903846153846 0.038461538461538464 0.0985576923076923
0 0.39663461538461536 0.5300480769230769 0.036057692307692304 0.07932692307692307