5 0.3293269230769231 0.7836538461538461 0.06009615384615385 0.04807692307692308
5 0.3545673076923077 0.75 0.07451923076923077 0.04567307692307692
5 0.41947115384615385 0.7271634615384616 0.07932692307692307 0.0625
5 0.3401442307692308 0.6670673076923077 0.10336538461538461 0.055288461538461536
5 0.7091346153846154 0.4723557692307692 0.038461538461538464 0.052884615384615384
5 0.7271634615384616 0.5168269230769231 0.055288461538461536 0.038461538461538464
5 0.7379807692307693 0.5913461538461539 0.038461538461538464 0.06490384615384616
5 0.7475961538461539 0.5588942307692307 0.05048076923076923 0.04326923076923077
5 0.7920673076923077 0.5769230769230769 0.04567307692307692 0.06490384615384616
5 0.8389423076923077 0.6670673076923077 0.04807692307692308 0.04567307692307692
5 0.8689903846153846 0.7091346153846154 0.04326923076923077 0.03365384615384615
5 0.9014423076923077 0.7572115384615384 0.057692307692307696 0.055288461538461536
5 0.7572115384615384 0.43149038461538464 0.057692307692307696 0.04567307692307692