5 0.3737980769230769 0.6814903846153846 0.0673076923076923 0.055288461538461536
5 0.47716346153846156 0.7451923076923077 0.09134615384615384 0.06490384615384616
5 0.40625 0.7668269230769231 0.0673076923076923 0.06490384615384616
5 0.3449519230769231 0.8052884615384616 0.09375 0.0673076923076923
5 0.7235576923076923 0.49399038461538464 0.0673076923076923 0.04807692307692308
5 0.7512019230769231 0.5432692307692307 0.057692307692307696 0.04807692307692308
5 0.7572115384615384 0.6021634615384616 0.05048076923076923 0.04807692307692308
5 0.8329326923076923 0.5901442307692307 0.06009615384615385 0.055288461538461536
5 0.78125 0.4567307692307692 0.055288461538461536 0.04807692307692308
5 0.8978365384615384 0.6742788461538461 0.057692307692307696 0.05048076923076923
5 0.9122596153846154 0.7247596153846154 0.06009615384615385 0.052884615384615384