5 0.38221153846153844 0.6514423076923077 0.08413461538461539 0.06009615384615385
5 0.46274038461538464 0.7091346153846154 0.06490384615384616 0.052884615384615384
5 0.4074519230769231 0.7331730769230769 0.05048076923076923 0.05048076923076923
5 0.37740384615384615 0.7584134615384616 0.0673076923076923 0.04807692307692308
5 0.6935096153846154 0.5132211538461539 0.06971153846153846 0.038461538461538464
5 0.7079326923076923 0.5949519230769231 0.04326923076923077 0.05048076923076923
5 0.7704326923076923 0.5853365384615384 0.04567307692307692 0.05048076923076923
5 0.734375 0.46634615384615385 0.05048076923076923 0.04326923076923077
5 0.8389423076923077 0.7127403846153846 0.036057692307692304 0.04326923076923077
5 0.7992788461538461 0.6394230769230769 0.05048076923076923 0.04326923076923077
5 0.7007211538461539 0.5384615384615384 0.028846153846153848 0.03125
5 0.7307692307692307 0.5685096153846154 0.02403846153846154 0.036057692307692304
5 0.7151442307692307 0.5733173076923077 0.02403846153846154 0.03125
5 0.8052884615384616 0.6766826923076923 0.02403846153846154 0.04567307692307692
5 0.8233173076923077 0.6670673076923077 0.03125 0.03365384615384615