5 0.3581730769230769 0.6766826923076923 0.08653846153846154 0.06971153846153846
5 0.46274038461538464 0.7355769230769231 0.07211538461538461 0.04326923076923077
5 0.38341346153846156 0.7608173076923077 0.08653846153846154 0.0625
5 0.3641826923076923 0.7932692307692307 0.08653846153846154 0.06490384615384616
5 0.7055288461538461 0.5024038461538461 0.06490384615384616 0.08413461538461539
5 0.7175480769230769 0.546875 0.04326923076923077 0.04326923076923077
5 0.71875 0.6057692307692307 0.052884615384615384 0.04326923076923077
5 0.7920673076923077 0.5973557692307693 0.04567307692307692 0.04326923076923077
5 0.8317307692307693 0.6598557692307693 0.04326923076923077 0.052884615384615384
5 0.8713942307692307 0.703125 0.07932692307692307 0.038461538461538464
5 0.8894230769230769 0.7487980769230769 0.038461538461538464 0.04807692307692308
5 0.7439903846153846 0.46274038461538464 0.03125 0.03365384615384615
5 0.7379807692307693 0.5 0.0625 0.052884615384615384