5 0.375 0.2439903846153846 0.052884615384615384 0.05048076923076923
5 0.41346153846153844 0.27884615384615385 0.057692307692307696 0.04326923076923077
5 0.4639423076923077 0.28966346153846156 0.07692307692307693 0.05048076923076923
5 0.38100961538461536 0.35336538461538464 0.07692307692307693 0.06009615384615385
5 0.8401442307692307 0.28725961538461536 0.04326923076923077 0.05048076923076923
5 0.6971153846153846 0.4014423076923077 0.03125 0.04567307692307692
5 0.7608173076923077 0.4170673076923077 0.026442307692307692 0.04567307692307692
5 0.7007211538461539 0.46274038461538464 0.028846153846153848 0.038461538461538464
5 0.6838942307692307 0.5036057692307693 0.06009615384615385 0.04567307692307692
5 0.8137019230769231 0.32091346153846156 0.04807692307692308 0.038461538461538464
5 0.7944711538461539 0.35697115384615385 0.036057692307692304 0.04807692307692308
5 0.7367788461538461 0.49759615384615385 0.028846153846153848 0.036057692307692304
5 0.7211538461538461 0.5336538461538461 0.03125 0.03365384615384615