5 0.390625 0.6430288461538461 0.057692307692307696 0.04326923076923077
5 0.46033653846153844 0.6826923076923077 0.05048076923076923 0.04807692307692308
5 0.4050480769230769 0.703125 0.052884615384615384 0.055288461538461536
5 0.38100961538461536 0.7307692307692307 0.05048076923076923 0.04326923076923077
5 0.6694711538461539 0.5072115384615384 0.038461538461538464 0.038461538461538464
5 0.6850961538461539 0.5420673076923077 0.04807692307692308 0.028846153846153848
5 0.6850961538461539 0.5913461538461539 0.038461538461538464 0.04326923076923077
5 0.6971153846153846 0.5721153846153846 0.026442307692307692 0.028846153846153848
5 0.7391826923076923 0.5913461538461539 0.03365384615384615 0.036057692307692304
5 0.7824519230769231 0.6478365384615384 0.052884615384615384 0.040865384615384616
5 0.7992788461538461 0.6814903846153846 0.04567307692307692 0.03125
5 0.8341346153846154 0.7175480769230769 0.028846153846153848 0.026442307692307692
5 0.703125 0.46634615384615385 0.028846153846153848 0.036057692307692304
5 0.7091346153846154 0.5 0.05048076923076923 0.04326923076923077