5 0.36899038461538464 0.6490384615384616 0.04567307692307692 0.04326923076923077
5 0.4411057692307692 0.6947115384615384 0.06009615384615385 0.052884615384615384
5 0.3918269230769231 0.7199519230769231 0.052884615384615384 0.038461538461538464
5 0.36899038461538464 0.7620192307692307 0.052884615384615384 0.04807692307692308
5 0.7055288461538461 0.5721153846153846 0.036057692307692304 0.038461538461538464
5 0.6862980769230769 0.4723557692307692 0.026442307692307692 0.04807692307692308
5 0.6983173076923077 0.5144230769230769 0.03365384615384615 0.036057692307692304
5 0.7632211538461539 0.5625 0.028846153846153848 0.052884615384615384
5 0.7295673076923077 0.4375 0.040865384615384616 0.038461538461538464
5 0.7944711538461539 0.6298076923076923 0.04567307692307692 0.038461538461538464
5 0.8257211538461539 0.671875 0.04567307692307692 0.05048076923076923
5 0.8485576923076923 0.7091346153846154 0.04567307692307692 0.05048076923076923