5 0.3737980769230769 0.6622596153846154 0.055288461538461536 0.08413461538461539
5 0.45913461538461536 0.7223557692307693 0.08413461538461539 0.0625
5 0.3954326923076923 0.7487980769230769 0.06971153846153846 0.06009615384615385
5 0.3545673076923077 0.7896634615384616 0.06009615384615385 0.055288461538461536
5 0.7379807692307693 0.4651442307692308 0.038461538461538464 0.05048076923076923
5 0.7620192307692307 0.5108173076923077 0.06490384615384616 0.038461538461538464
5 0.7608173076923077 0.578125 0.057692307692307696 0.06971153846153846
5 0.8353365384615384 0.5805288461538461 0.040865384615384616 0.06490384615384616
5 0.8737980769230769 0.6658653846153846 0.04807692307692308 0.052884615384615384
5 0.8978365384615384 0.7103365384615384 0.06971153846153846 0.05048076923076923
5 0.9338942307692307 0.7644230769230769 0.05048076923076923 0.038461538461538464
5 0.7848557692307693 0.42427884615384615 0.06009615384615385 0.055288461538461536
5 0.7920673076923077 0.47475961538461536 0.057692307692307696 0.0625