5 0.37740384615384615 0.6430288461538461 0.06490384615384616 0.055288461538461536
5 0.45913461538461536 0.6983173076923077 0.04326923076923077 0.038461538461538464
5 0.4098557692307692 0.7163461538461539 0.07211538461538461 0.05048076923076923
5 0.38221153846153844 0.7536057692307693 0.0625 0.055288461538461536
5 0.859375 0.7127403846153846 0.03365384615384615 0.040865384615384616
5 0.8233173076923077 0.6742788461538461 0.026442307692307692 0.038461538461538464
5 0.8461538461538461 0.6658653846153846 0.040865384615384616 0.038461538461538464
5 0.8064903846153846 0.6310096153846154 0.04326923076923077 0.040865384615384616
5 0.7079326923076923 0.5673076923076923 0.026442307692307692 0.04326923076923077
5 0.7668269230769231 0.5637019230769231 0.03365384615384615 0.038461538461538464
5 0.7367788461538461 0.5480769230769231 0.028846153846153848 0.04807692307692308
5 0.7151442307692307 0.5456730769230769 0.03365384615384615 0.038461538461538464
5 0.7043269230769231 0.5180288461538461 0.03365384615384615 0.038461538461538464
5 0.6947115384615384 0.4807692307692308 0.02403846153846154 0.040865384615384616
5 0.7283653846153846 0.4375 0.04326923076923077 0.03125
5 0.7391826923076923 0.47716346153846156 0.026442307692307692 0.038461538461538464