5 0.6033653846153846 0.4206730769230769 0.07211538461538461 0.21875
5 0.8894230769230769 0.6694711538461539 0.11057692307692307 0.22596153846153846
5 0.5216346153846154 0.4699519230769231 0.07451923076923077 0.125
5 0.5588942307692307 0.6009615384615384 0.12980769230769232 0.11778846153846154
5 0.5372596153846154 0.7307692307692307 0.08653846153846154 0.18269230769230768
5 0.5733173076923077 0.8737980769230769 0.11057692307692307 0.07211538461538461
5 0.625 0.7415865384615384 0.057692307692307696 0.1875
5 0.6911057692307693 0.7860576923076923 0.07692307692307693 0.22355769230769232
5 0.7427884615384616 0.8125 0.07451923076923077 0.18990384615384615
5 0.7211538461538461 0.6237980769230769 0.18028846153846154 0.09375
5 0.6850961538461539 0.4891826923076923 0.057692307692307696 0.12259615384615384
5 0.7475961538461539 0.42788461538461536 0.0889423076923077 0.1778846153846154
5 0.8293269230769231 0.37740384615384615 0.057692307692307696 0.12740384615384615
5 0.7908653846153846 0.5072115384615384 0.10336538461538461 0.12259615384615384
5 0.8966346153846154 0.37740384615384615 0.07932692307692307 0.12740384615384615
5 0.8930288461538461 0.48677884615384615 0.08413461538461539 0.08173076923076923
5 0.8064903846153846 0.8533653846153846 0.06971153846153846 0.10336538461538461
5 0.8653846153846154 0.8653846153846154 0.07692307692307693 0.08653846153846154
5 0.8569711538461539 0.7860576923076923 0.10817307692307693 0.08413461538461539