5 0.3389423076923077 0.8377403846153846 0.07451923076923077 0.06009615384615385
5 0.36778846153846156 0.7980769230769231 0.07932692307692307 0.057692307692307696
5 0.34975961538461536 0.6983173076923077 0.0625 0.07932692307692307
5 0.4362980769230769 0.7644230769230769 0.07211538461538461 0.07451923076923077
5 0.7992788461538461 0.6298076923076923 0.038461538461538464 0.06971153846153846
5 0.7680288461538461 0.5024038461538461 0.040865384615384616 0.07932692307692307
5 0.8737980769230769 0.6165865384615384 0.03365384615384615 0.0625
5 0.9074519230769231 0.6959134615384616 0.04326923076923077 0.05048076923076923
5 0.7956730769230769 0.5612980769230769 0.04326923076923077 0.03365384615384615
5 0.84375 0.609375 0.038461538461538464 0.057692307692307696
5 0.8233173076923077 0.4483173076923077 0.040865384615384616 0.057692307692307696
5 0.9302884615384616 0.7475961538461539 0.05048076923076923 0.06009615384615385
5 0.9771634615384616 0.7908653846153846 0.040865384615384616 0.04807692307692308