5 0.35216346153846156 0.6983173076923077 0.07932692307692307 0.055288461538461536
5 0.4338942307692308 0.75 0.057692307692307696 0.05048076923076923
5 0.3762019230769231 0.7704326923076923 0.07692307692307693 0.0625
5 0.3401442307692308 0.8185096153846154 0.08173076923076923 0.06009615384615385
5 0.7151442307692307 0.4831730769230769 0.036057692307692304 0.057692307692307696
5 0.7367788461538461 0.5396634615384616 0.038461538461538464 0.05048076923076923
5 0.7319711538461539 0.5889423076923077 0.04567307692307692 0.052884615384615384
5 0.8076923076923077 0.5865384615384616 0.0673076923076923 0.04807692307692308
5 0.8473557692307693 0.6682692307692307 0.04326923076923077 0.04807692307692308
5 0.9230769230769231 0.7548076923076923 0.052884615384615384 0.04567307692307692
5 0.765625 0.4387019230769231 0.052884615384615384 0.052884615384615384
5 0.8978365384615384 0.7079326923076923 0.04326923076923077 0.06009615384615385