5 0.3641826923076923 0.24759615384615385 0.07451923076923077 0.04567307692307692
5 0.4579326923076923 0.30288461538461536 0.052884615384615384 0.04807692307692308
5 0.3918269230769231 0.28125 0.052884615384615384 0.028846153846153848
5 0.3858173076923077 0.35096153846153844 0.057692307692307696 0.04326923076923077
5 0.8461538461538461 0.2824519230769231 0.04567307692307692 0.052884615384615384
5 0.8365384615384616 0.3293269230769231 0.04326923076923077 0.05048076923076923
5 0.8149038461538461 0.3762019230769231 0.05048076923076923 0.055288461538461536
5 0.7271634615384616 0.4266826923076923 0.036057692307692304 0.06009615384615385
5 0.7860576923076923 0.4362980769230769 0.03365384615384615 0.057692307692307696
5 0.7572115384615384 0.4495192307692308 0.04326923076923077 0.057692307692307696
5 0.7307692307692307 0.5180288461538461 0.04567307692307692 0.04326923076923077