5 0.3870192307692308 0.7728365384615384 0.06009615384615385 0.04807692307692308
5 0.41586538461538464 0.7331730769230769 0.06971153846153846 0.06009615384615385
5 0.3798076923076923 0.6586538461538461 0.08413461538461539 0.07211538461538461
5 0.4699519230769231 0.7055288461538461 0.07211538461538461 0.05048076923076923
5 0.6875 0.5012019230769231 0.04326923076923077 0.055288461538461536
5 0.7079326923076923 0.5480769230769231 0.052884615384615384 0.03365384615384615
5 0.7223557692307693 0.5997596153846154 0.036057692307692304 0.055288461538461536
5 0.8221153846153846 0.6526442307692307 0.038461538461538464 0.036057692307692304
5 0.8389423076923077 0.6899038461538461 0.052884615384615384 0.038461538461538464
5 0.8689903846153846 0.7331730769230769 0.04567307692307692 0.04326923076923077
5 0.7824519230769231 0.5961538461538461 0.038461538461538464 0.05048076923076923
5 0.7391826923076923 0.46875 0.04326923076923077 0.04567307692307692