5 0.3786057692307692 0.25240384615384615 0.07692307692307693 0.040865384615384616
5 0.4014423076923077 0.28725961538461536 0.057692307692307696 0.04567307692307692
5 0.38822115384615385 0.35336538461538464 0.06971153846153846 0.05048076923076923
5 0.46033653846153844 0.3137019230769231 0.04807692307692308 0.055288461538461536
5 0.6983173076923077 0.42788461538461536 0.055288461538461536 0.03365384615384615
5 0.6887019230769231 0.5264423076923077 0.04807692307692308 0.04326923076923077
5 0.703125 0.49038461538461536 0.04567307692307692 0.04567307692307692
5 0.8401442307692307 0.2860576923076923 0.04326923076923077 0.057692307692307696
5 0.7848557692307693 0.36177884615384615 0.03365384615384615 0.04807692307692308
5 0.8052884615384616 0.3293269230769231 0.03125 0.04326923076923077
5 0.7512019230769231 0.4387019230769231 0.04326923076923077 0.06009615384615385