5 0.38221153846153844 0.2608173076923077 0.06490384615384616 0.04807692307692308
5 0.37740384615384615 0.3545673076923077 0.07932692307692307 0.07211538461538461
5 0.4735576923076923 0.32091346153846156 0.0673076923076923 0.052884615384615384
5 0.41586538461538464 0.3004807692307692 0.06009615384615385 0.04807692307692308
5 0.8677884615384616 0.2920673076923077 0.040865384615384616 0.04807692307692308
5 0.8389423076923077 0.328125 0.0673076923076923 0.057692307692307696
5 0.8185096153846154 0.36899038461538464 0.057692307692307696 0.04326923076923077
5 0.7199519230769231 0.4098557692307692 0.028846153846153848 0.05048076923076923
5 0.7728365384615384 0.41947115384615385 0.06971153846153846 0.055288461538461536
5 0.7139423076923077 0.46033653846153844 0.06009615384615385 0.04567307692307692
5 0.6959134615384616 0.49278846153846156 0.06490384615384616 0.06490384615384616