5 0.38822115384615385 0.6358173076923077 0.0625 0.05048076923076923
5 0.4651442307692308 0.6850961538461539 0.057692307692307696 0.0673076923076923
5 0.40384615384615385 0.703125 0.06009615384615385 0.04807692307692308
5 0.3798076923076923 0.7379807692307693 0.052884615384615384 0.03365384615384615
5 0.7151442307692307 0.4735576923076923 0.038461538461538464 0.038461538461538464
5 0.7295673076923077 0.5144230769230769 0.038461538461538464 0.036057692307692304
5 0.7151442307692307 0.5721153846153846 0.038461538461538464 0.055288461538461536
5 0.8173076923076923 0.6310096153846154 0.04326923076923077 0.04807692307692308
5 0.8341346153846154 0.6694711538461539 0.04326923076923077 0.036057692307692304
5 0.8533653846153846 0.7163461538461539 0.04326923076923077 0.036057692307692304
5 0.7824519230769231 0.5661057692307693 0.03365384615384615 0.055288461538461536
5 0.7524038461538461 0.5492788461538461 0.026442307692307692 0.052884615384615384
5 0.7560096153846154 0.4338942307692308 0.036057692307692304 0.036057692307692304
5 0.7596153846153846 0.4735576923076923 0.026442307692307692 0.038461538461538464